4×4 Multiplier Model Analysis
==================================================

Test Case: 3 × 5 = 15
Input: [1.0, 1.0, 0.0, 0.0, 1.0, 0.0, 1.0, 0.0]
Expected Output: [1, 1, 1, 1, 0, 0, 0, 0]
Actual Output: [0, 0, 0, 1, 0, 0, 0, 0]
Correct: False

Node 8 (Layer 1)
------------------------------
Candidates: [0, 1, 2, 3, 4, 5, 6, 7]
x_values: [1.0, 1.0, -1.0, -1.0, 1.0, -1.0, 1.0, -1.0]
yi_values: [1.0, 1.0, -1.0, -1.0, 1.0, -1.0, 1.0, -1.0, -1.0, -1.0, 1.0, 1.0, -1.0, 1.0, -1.0, 1.0]
omega_0: [0.6829531192779541, 0.1636802703142166, -0.7895064353942871, 0.4242306351661682, 0.1608000546693802, -0.2695874869823456, -1.3999451398849487, 1.2414286136627197, -1.466034173965454, -2.3465545177459717, -0.7343466281890869, 1.0729455947875977, 0.8990345597267151, 1.1868902444839478, -0.10942733287811279, -0.13117752969264984]
omega_1: [-0.3239029049873352, 0.28499317169189453, 1.0661762952804565, -0.3066379427909851, 1.52019202709198, 2.5352976322174072, -1.3405115604400635, -0.2061125934123993, -0.8713264465332031, -1.95168936252594, -1.7282156944274902, 1.51584792137146, 0.9932650923728943, -0.030259154736995697, -0.3707997500896454, -0.7989566922187805]
softmax_omega_0: [0.08989229053258896, 0.05348169058561325, 0.020617755129933357, 0.06940019875764847, 0.05332787334918976, 0.034676820039749146, 0.011197762563824654, 0.15713222324848175, 0.010481636971235275, 0.004345342051237822, 0.021786976605653763, 0.1327681839466095, 0.11157462000846863, 0.14879198372364044, 0.040700145065784454, 0.0398244634270668]
softmax_omega_1: [0.02123446762561798, 0.03903745859861374, 0.08525995165109634, 0.021604260429739952, 0.13425226509571075, 0.3704898953437805, 0.007683053147047758, 0.023888947442173958, 0.01228282693773508, 0.004169679246842861, 0.005213818978518248, 0.13367031514644623, 0.07926476746797562, 0.028481915593147278, 0.020261624827980995, 0.01320468820631504]
argmax_omega_0: 7
argmax_omega_1: 5
ap0: -1.0
ap1: -1.0
bp0: 0.10214247554540634
bp1: -0.23444394767284393
output: -1.0

Node 9 (Layer 1)
------------------------------
Candidates: [0, 1, 2, 3, 4, 5, 6, 7]
x_values: [1.0, 1.0, -1.0, -1.0, 1.0, -1.0, 1.0, -1.0]
yi_values: [1.0, 1.0, -1.0, -1.0, 1.0, -1.0, 1.0, -1.0, -1.0, -1.0, 1.0, 1.0, -1.0, 1.0, -1.0, 1.0]
omega_0: [-2.0491621494293213, 1.7740525007247925, -0.8681900501251221, -0.813534140586853, 0.06114888936281204, 0.13857883214950562, -0.06224657967686653, 0.8823366165161133, 0.4336118996143341, -0.38483431935310364, 0.2133580446243286, 1.068832516670227, 0.8935231566429138, -1.3820428848266602, 1.162471055984497, -0.26604267954826355]
omega_1: [0.5044616460800171, -1.204008936882019, 0.20449429750442505, 0.1511296033859253, -2.254493474960327, -1.3926985263824463, -0.04890208691358566, -0.44751206040382385, -2.5264892578125, -0.9958226680755615, 0.21266788244247437, 0.9014559984207153, -1.7088438272476196, -0.8992697596549988, -0.4675912857055664, -2.13364577293396]
softmax_omega_0: [0.005055309738963842, 0.2312856912612915, 0.016467871144413948, 0.01739298738539219, 0.04171038419008255, 0.04506833851337433, 0.036868393421173096, 0.09481596946716309, 0.06053447723388672, 0.02670275606215, 0.04856772720813751, 0.11425510793924332, 0.0958825871348381, 0.009850854985415936, 0.12547069787979126, 0.030070919543504715]
softmax_omega_1: [0.14066481590270996, 0.025480395182967186, 0.10421046614646912, 0.098795086145401, 0.008912231773138046, 0.021098872646689415, 0.08088400959968567, 0.054293591529130936, 0.006789851933717728, 0.0313776396214962, 0.1050657257437706, 0.20921747386455536, 0.015380100347101688, 0.03455832973122597, 0.05321429297327995, 0.010057034902274609]
argmax_omega_0: 1
argmax_omega_1: 11
ap0: 1.0
ap1: 1.0
bp0: 0.0353287048637867
bp1: 0.229680135846138
output: 1.0

Node 10 (Layer 1)
------------------------------
Candidates: [0, 1, 2, 3, 4, 5, 6, 7]
x_values: [1.0, 1.0, -1.0, -1.0, 1.0, -1.0, 1.0, -1.0]
yi_values: [1.0, 1.0, -1.0, -1.0, 1.0, -1.0, 1.0, -1.0, -1.0, -1.0, 1.0, 1.0, -1.0, 1.0, -1.0, 1.0]
omega_0: [1.1449761390686035, -1.3245208263397217, -1.000617504119873, 1.4428037405014038, 1.2690305709838867, -1.4977426528930664, -0.06636280566453934, -0.606499433517456, -0.965488076210022, 1.2979686260223389, 1.3652197122573853, 0.5246067643165588, 0.9745154976844788, 1.1305359601974487, 0.22591854631900787, 0.9279022216796875]
omega_1: [-1.2850583791732788, 1.2352854013442993, 0.09664321690797806, 0.3737702965736389, -0.7290079593658447, 0.3620688319206238, -1.426320195198059, -0.05401189252734184, -0.8425670266151428, -1.809382677078247, 1.2753580808639526, -1.28995680809021, 1.6553891897201538, -1.5587491989135742, 0.16812196373939514, -0.39339548349380493]
softmax_omega_0: [0.09683874994516373, 0.008195213973522186, 0.011329993605613708, 0.13043497502803802, 0.10962896794080734, 0.006891772150993347, 0.02883841097354889, 0.016803240403532982, 0.011735084466636181, 0.11284776777029037, 0.12069790810346603, 0.052074629813432693, 0.08166181296110153, 0.09545043110847473, 0.0386284738779068, 0.07794265449047089]
softmax_omega_1: [0.01309205498546362, 0.1627718210220337, 0.05212825536727905, 0.06877458840608597, 0.022829556837677956, 0.0679745003581047, 0.011367334052920341, 0.044837821274995804, 0.020378833636641502, 0.007749911397695541, 0.16942697763442993, 0.013028083369135857, 0.2477581650018692, 0.009957387112081051, 0.05599071457982063, 0.03193391114473343]
argmax_omega_0: 3
argmax_omega_1: 12
ap0: -1.0
ap1: -1.0
bp0: 0.1793338507413864
bp1: -0.1311856508255005
output: -1.0

Node 11 (Layer 1)
------------------------------
Candidates: [0, 1, 2, 3, 4, 5, 6, 7]
x_values: [1.0, 1.0, -1.0, -1.0, 1.0, -1.0, 1.0, -1.0]
yi_values: [1.0, 1.0, -1.0, -1.0, 1.0, -1.0, 1.0, -1.0, -1.0, -1.0, 1.0, 1.0, -1.0, 1.0, -1.0, 1.0]
omega_0: [2.5414912700653076, -0.12537389993667603, 0.8061394691467285, -1.869648814201355, 0.674606442451477, 1.1653333902359009, 0.3974088728427887, 1.043229341506958, -1.8640307188034058, 0.05102665722370148, 0.06007154658436775, -0.21946550905704498, 0.8484761714935303, -1.2535117864608765, -0.9491618275642395, 1.7653881311416626]
omega_1: [0.05014045909047127, 0.665688157081604, -0.3184914290904999, 0.02191087044775486, 1.5915930271148682, 0.0006787942256778479, -1.5427285432815552, 0.14238882064819336, 0.07313220202922821, 2.6293368339538574, 1.072577953338623, -1.4294939041137695, -1.402055263519287, 1.3437072038650513, -1.496955394744873, -0.32519298791885376]
softmax_omega_0: [0.33957529067993164, 0.02359018102288246, 0.059880077838897705, 0.0041228956542909145, 0.052499882876873016, 0.08575871586799622, 0.03978991135954857, 0.07590129226446152, 0.004146123770624399, 0.028141098096966743, 0.028396783396601677, 0.021471768617630005, 0.06246963515877724, 0.007634616922587156, 0.010350581258535385, 0.15627112984657288]
softmax_omega_1: [0.029908927157521248, 0.05535155534744263, 0.0206874068826437, 0.02907641977071762, 0.13971570134162903, 0.028465572744607925, 0.00608172407373786, 0.03279924392700195, 0.030604558065533638, 0.39439520239830017, 0.08314570784568787, 0.006810889579355717, 0.007000358775258064, 0.10904098302125931, 0.006366572342813015, 0.020549234002828598]
argmax_omega_0: 0
argmax_omega_1: 9
ap0: 1.0
ap1: -1.0
bp0: 0.33845916390419006
bp1: -0.09879061579704285
output: -1.0

Node 12 (Layer 2)
------------------------------
Candidates: [0, 1, 2, 3, 4, 5, 6, 7, 8, 9, 10, 11]
x_values: [1.0, 1.0, -1.0, -1.0, 1.0, -1.0, 1.0, -1.0, -1.0, 1.0, -1.0, -1.0]
yi_values: [1.0, 1.0, -1.0, -1.0, 1.0, -1.0, 1.0, -1.0, -1.0, 1.0, -1.0, -1.0, -1.0, -1.0, 1.0, 1.0, -1.0, 1.0, -1.0, 1.0, 1.0, -1.0, 1.0, 1.0]
omega_0: [-1.1559956073760986, -0.012164217419922352, 0.5056142210960388, 0.8875278234481812, 1.1354624032974243, -0.2316618263721466, -0.3953554034233093, -1.5706099271774292, 0.32500725984573364, 0.1681361347436905, 1.6565628051757812, -0.4206225872039795, -0.5550116896629333, -0.8635305166244507, 0.17101557552814484, 1.727278232574463, -0.2507534325122833, -0.0290059894323349, -0.5229749083518982, 0.17889554798603058, -0.3570323586463928, 0.042201753705739975, 0.18134327232837677, -1.7543350458145142]
omega_1: [0.09851051867008209, -0.03170746564865112, -0.6145618557929993, -0.09714829176664352, -0.10982633382081985, 0.09528739005327225, -0.8939727544784546, -0.09509304910898209, -1.5055419206619263, -0.4488915503025055, 0.3139232099056244, 0.26293736696243286, 1.1404531002044678, 0.37650004029273987, 1.4988842010498047, -0.21385222673416138, -1.1222947835922241, 0.4839250445365906, -0.32615187764167786, -0.026517299935221672, -0.025923900306224823, -2.3406121730804443, -1.351727843284607, 1.0695672035217285]
softmax_omega_0: [0.009508151561021805, 0.02984391152858734, 0.050086893141269684, 0.07338158041238785, 0.09402940422296524, 0.023962337523698807, 0.020344072952866554, 0.006281036883592606, 0.04181069880723953, 0.035740382969379425, 0.1583341807126999, 0.01983647607266903, 0.017342034727334976, 0.012738315388560295, 0.035843443125486374, 0.16993623971939087, 0.023509196937084198, 0.029345495626330376, 0.017906613647937775, 0.0361270047724247, 0.021138854324817657, 0.031511321663856506, 0.03621554374694824, 0.005226857028901577]
softmax_omega_1: [0.03924170508980751, 0.03445044904947281, 0.01923377439379692, 0.03226817026734352, 0.03186165541410446, 0.039115432649850845, 0.0145451370626688, 0.03233455866575241, 0.007890722714364529, 0.022699391469359398, 0.04867438226938248, 0.046254877001047134, 0.11123918741941452, 0.05181758850812912, 0.15919244289398193, 0.028713788837194443, 0.011576008051633835, 0.05769408866763115, 0.0256637055426836, 0.03462972119450569, 0.0346502810716629, 0.0034233424812555313, 0.009202742949128151, 0.10362688452005386]
argmax_omega_0: 15
argmax_omega_1: 14
ap0: 1.0
ap1: 1.0
bp0: 0.04659868776798248
bp1: 0.14101652801036835
output: 1.0

Node 13 (Layer 2)
------------------------------
Candidates: [0, 1, 2, 3, 4, 5, 6, 7, 8, 9, 10, 11]
x_values: [1.0, 1.0, -1.0, -1.0, 1.0, -1.0, 1.0, -1.0, -1.0, 1.0, -1.0, -1.0]
yi_values: [1.0, 1.0, -1.0, -1.0, 1.0, -1.0, 1.0, -1.0, -1.0, 1.0, -1.0, -1.0, -1.0, -1.0, 1.0, 1.0, -1.0, 1.0, -1.0, 1.0, 1.0, -1.0, 1.0, 1.0]
omega_0: [-0.010069341398775578, -0.054116930812597275, -1.237107276916504, 0.07590345293283463, 0.28260621428489685, 1.0137853622436523, -1.2132363319396973, 1.206770420074463, -0.22046589851379395, 0.20691527426242828, -1.8155345916748047, -1.6088106632232666, -0.4841322898864746, 1.335689663887024, -0.31448671221733093, 0.856566309928894, 0.477273553609848, -0.2611958086490631, 0.3593718111515045, 0.23023100197315216, 0.7338457703590393, 0.09003496170043945, 0.12939193844795227, 0.6348631978034973]
omega_1: [-1.2710037231445312, 2.7080445289611816, -2.0968565940856934, -0.17505905032157898, -0.7123746275901794, -1.4927356243133545, 1.9078541994094849, 1.017966389656067, 0.1675572544336319, -0.4295717477798462, 0.0502786748111248, 0.37831416726112366, 1.5749924182891846, 0.3326801359653473, -0.15262845158576965, -0.3476220965385437, -0.37308841943740845, 1.517096996307373, -0.5354212522506714, -1.1332577466964722, -1.271914005279541, -0.417135626077652, -0.16383028030395508, -1.6626743078231812]
softmax_omega_0: [0.030741728842258453, 0.029417017474770546, 0.009012235328555107, 0.03350161761045456, 0.041194163262844086, 0.08558206260204315, 0.009229954332113266, 0.10379946231842041, 0.02490888349711895, 0.03819121792912483, 0.005053878296166658, 0.006214464548975229, 0.019135745242238045, 0.11808208376169205, 0.022673653438687325, 0.07313131541013718, 0.05004706606268883, 0.023914730176329613, 0.04448099806904793, 0.03909213840961456, 0.06468543410301208, 0.0339784100651741, 0.03534236177802086, 0.0585893839597702]
softmax_omega_1: [0.006003422662615776, 0.3209797441959381, 0.0026286670472472906, 0.01796228624880314, 0.010495628230273724, 0.004809523932635784, 0.14419804513454437, 0.059222400188446045, 0.025302184745669365, 0.013926059938967228, 0.022502180188894272, 0.031238388270139694, 0.10337115824222565, 0.029844891279935837, 0.01836974546313286, 0.015115358866751194, 0.014735287986695766, 0.09755638241767883, 0.012527323327958584, 0.0068900310434401035, 0.005997960455715656, 0.014100323431193829, 0.018165118992328644, 0.004057873506098986]
argmax_omega_0: 13
argmax_omega_1: 1
ap0: -1.0
ap1: 1.0
bp0: -0.06759381294250488
bp1: 0.3235107362270355
output: -1.0

Node 14 (Layer 2)
------------------------------
Candidates: [0, 1, 2, 3, 4, 5, 6, 7, 8, 9, 10, 11]
x_values: [1.0, 1.0, -1.0, -1.0, 1.0, -1.0, 1.0, -1.0, -1.0, 1.0, -1.0, -1.0]
yi_values: [1.0, 1.0, -1.0, -1.0, 1.0, -1.0, 1.0, -1.0, -1.0, 1.0, -1.0, -1.0, -1.0, -1.0, 1.0, 1.0, -1.0, 1.0, -1.0, 1.0, 1.0, -1.0, 1.0, 1.0]
omega_0: [0.42792433500289917, -0.3271380662918091, -0.27544665336608887, 1.4801057577133179, 1.2661265134811401, 1.519395112991333, -0.05321189761161804, 0.15958072245121002, -1.7053401470184326, -1.1662179231643677, 1.3483623266220093, -0.05714360997080803, 1.510727047920227, 0.30962860584259033, -0.22627344727516174, -1.0112401247024536, 0.8476017713546753, 0.6865571737289429, 0.12602971494197845, 0.418650358915329, 0.61423659324646, 0.5411887168884277, -1.2816847562789917, -0.12796112895011902]
omega_1: [-2.7308082580566406, 0.15620552003383636, 0.5194750428199768, -0.5753001570701599, -1.2562215328216553, -0.007898245938122272, -0.8870917558670044, -0.9425776600837708, -1.3692570924758911, -0.09653285145759583, 0.04095721244812012, 2.485886335372925, 0.16344358026981354, -0.7617956399917603, -0.7353814244270325, 0.9765398502349854, 0.451633483171463, 0.2983131408691406, 1.9459477663040161, 1.976645827293396, -0.6142683029174805, 0.8714063167572021, 0.15283459424972534, -0.2748929560184479]
softmax_omega_0: [0.03679940849542618, 0.017295030876994133, 0.018212545663118362, 0.10538950562477112, 0.08508782088756561, 0.1096126139163971, 0.022745002061128616, 0.028138481080532074, 0.004358889069408178, 0.00747331976890564, 0.09238084405660629, 0.022655753418803215, 0.10866659134626389, 0.03269381821155548, 0.01913050003349781, 0.008726087398827076, 0.05598921701312065, 0.04766105115413666, 0.027210067957639694, 0.03645970672369003, 0.04433586448431015, 0.04121268168091774, 0.006658356636762619, 0.021106820553541183]
softmax_omega_1: [0.0014000962255522609, 0.02511725202202797, 0.03611919656395912, 0.012086017988622189, 0.006117343436926603, 0.02131585404276848, 0.008848585188388824, 0.008370988070964813, 0.005463514477014542, 0.019507844001054764, 0.022383110597729683, 0.25807127356529236, 0.025299711152911186, 0.010029730387032032, 0.010298188775777817, 0.05704778805375099, 0.033750083297491074, 0.02895267680287361, 0.1503998190164566, 0.1550883948802948, 0.011624108068645, 0.05135466530919075, 0.025032728910446167, 0.016321061179041862]
argmax_omega_0: 5
argmax_omega_1: 11
ap0: -1.0
ap1: -1.0
bp0: -0.29304203391075134
bp1: -0.2692878842353821
output: -1.0

Node 15 (Layer 2)
------------------------------
Candidates: [0, 1, 2, 3, 4, 5, 6, 7, 8, 9, 10, 11]
x_values: [1.0, 1.0, -1.0, -1.0, 1.0, -1.0, 1.0, -1.0, -1.0, 1.0, -1.0, -1.0]
yi_values: [1.0, 1.0, -1.0, -1.0, 1.0, -1.0, 1.0, -1.0, -1.0, 1.0, -1.0, -1.0, -1.0, -1.0, 1.0, 1.0, -1.0, 1.0, -1.0, 1.0, 1.0, -1.0, 1.0, 1.0]
omega_0: [0.10243099927902222, 1.1533832550048828, 0.617983877658844, -0.18270117044448853, -0.605431854724884, -1.1813044548034668, 0.09119459241628647, -0.8827417492866516, -0.4540250301361084, -0.4275122284889221, 0.8503916263580322, 0.39611032605171204, 0.6867742538452148, 0.21703863143920898, 0.5140221118927002, -1.5466328859329224, -0.6993539929389954, -0.33376163244247437, 0.06441288441419601, -1.169837474822998, 1.0518536567687988, 0.20194680988788605, -0.2602540850639343, -0.5956982374191284]
omega_1: [0.657271146774292, -0.7994815111160278, 1.6059554815292358, 0.515285849571228, -0.5049294829368591, -0.5139902830123901, -0.06188686192035675, 0.025521328672766685, -0.9095426201820374, -0.040215566754341125, -1.7417007684707642, -0.706414520740509, -1.3714454174041748, -1.4734244346618652, 0.1352788507938385, 0.5892598032951355, 0.3934648334980011, -1.358778715133667, -0.7983291149139404, 0.7641956806182861, 0.07184535264968872, -1.0928078889846802, -0.7258252501487732, -0.5460965633392334]
softmax_omega_0: [0.04020675644278526, 0.11500633507966995, 0.0673287883400917, 0.030232056975364685, 0.01980970986187458, 0.011137296445667744, 0.03975750505924225, 0.015012186020612717, 0.023047998547554016, 0.023667238652706146, 0.08494428545236588, 0.053931474685668945, 0.07212337851524353, 0.04508919268846512, 0.06068072095513344, 0.007728936150670052, 0.018033839762210846, 0.025993390008807182, 0.038706857711076736, 0.011265742592513561, 0.10390298068523407, 0.04441382363438606, 0.027976078912615776, 0.02000346966087818]
softmax_omega_1: [0.07883653044700623, 0.018368253484368324, 0.2035803645849228, 0.0684012621641159, 0.024659838527441025, 0.02443740703165531, 0.03840618580579758, 0.041914280503988266, 0.016453903168439865, 0.039247579872608185, 0.007159245666116476, 0.020159805193543434, 0.010367335751652718, 0.009362204931676388, 0.046776652336120605, 0.07365301251411438, 0.06055609881877899, 0.010499490424990654, 0.018389437347650528, 0.08773326128721237, 0.04390159994363785, 0.013698653317987919, 0.01977226510643959, 0.023665279150009155]
argmax_omega_0: 1
argmax_omega_1: 2
ap0: 1.0
ap1: -1.0
bp0: -0.008002325892448425
bp1: 0.01103992760181427
output: -1.0

Node 16 (Layer 2)
------------------------------
Candidates: [0, 1, 2, 3, 4, 5, 6, 7, 8, 9, 10, 11]
x_values: [1.0, 1.0, -1.0, -1.0, 1.0, -1.0, 1.0, -1.0, -1.0, 1.0, -1.0, -1.0]
yi_values: [1.0, 1.0, -1.0, -1.0, 1.0, -1.0, 1.0, -1.0, -1.0, 1.0, -1.0, -1.0, -1.0, -1.0, 1.0, 1.0, -1.0, 1.0, -1.0, 1.0, 1.0, -1.0, 1.0, 1.0]
omega_0: [-0.3638137876987457, -0.03811011090874672, 0.18901722133159637, 0.3796895444393158, 0.43999287486076355, 0.23014996945858002, -0.7122448682785034, 1.9423248767852783, 1.3926481008529663, 0.8184645175933838, -0.9356575608253479, -0.8322880864143372, -0.2542186677455902, -0.3792661428451538, -1.2974631786346436, 0.223633274435997, 0.80877286195755, -0.10502088814973831, 1.2305312156677246, -0.53569495677948, 1.513089656829834, 0.24673642218112946, 0.4814966320991516, 0.7281692028045654]
omega_1: [-0.8610489964485168, -1.4573369026184082, -0.4614262878894806, 1.634404182434082, 1.4402064085006714, 0.426881343126297, 0.16845501959323883, 0.7236603498458862, -0.2668135166168213, 1.3363926410675049, 0.5454244017601013, -1.135367751121521, 0.3365882933139801, 0.11620309203863144, 0.6560143232345581, -0.20459163188934326, -0.8828117251396179, -0.16103427112102509, 0.7982418537139893, 0.03285140544176102, 2.3773701190948486, 0.37251827120780945, 0.5920883417129517, -0.0975397527217865]
softmax_omega_0: [0.01679920218884945, 0.023266978561878204, 0.029199816286563873, 0.03533361852169037, 0.03752990812063217, 0.03042593039572239, 0.011856787838041782, 0.16859006881713867, 0.09729945659637451, 0.05479559302330017, 0.00948287732899189, 0.010515572503209114, 0.018744993954896927, 0.016541613265872, 0.006604042835533619, 0.030228298157453537, 0.054267093539237976, 0.021761106327176094, 0.08273779600858688, 0.014146262779831886, 0.10975328087806702, 0.03093479573726654, 0.03912031278014183, 0.05006461590528488]
softmax_omega_1: [0.00904061645269394, 0.004980046767741442, 0.013481926172971725, 0.10963760316371918, 0.090286023914814, 0.03277472406625748, 0.025310805067420006, 0.044098980724811554, 0.016378387808799744, 0.08138320595026016, 0.03689960390329361, 0.00687168026342988, 0.029945068061351776, 0.024022221565246582, 0.04121451824903488, 0.017429858446121216, 0.008845992386341095, 0.018205830827355385, 0.047513701021671295, 0.022101107984781265, 0.23047591745853424, 0.031040554866194725, 0.03866228833794594, 0.019399290904402733]
argmax_omega_0: 7
argmax_omega_1: 20
ap0: -1.0
ap1: 1.0
bp0: -0.1681472361087799
bp1: 0.1969790756702423
output: -1.0

Node 17 (Layer 2)
------------------------------
Candidates: [0, 1, 2, 3, 4, 5, 6, 7, 8, 9, 10, 11]
x_values: [1.0, 1.0, -1.0, -1.0, 1.0, -1.0, 1.0, -1.0, -1.0, 1.0, -1.0, -1.0]
yi_values: [1.0, 1.0, -1.0, -1.0, 1.0, -1.0, 1.0, -1.0, -1.0, 1.0, -1.0, -1.0, -1.0, -1.0, 1.0, 1.0, -1.0, 1.0, -1.0, 1.0, 1.0, -1.0, 1.0, 1.0]
omega_0: [-1.0895026922225952, -1.431395173072815, -0.23597875237464905, -0.09170810133218765, -0.28813838958740234, -1.5180282592773438, -1.1689714193344116, 2.081573963165283, -0.2760336697101593, -0.31055712699890137, -1.0985469818115234, 0.24349994957447052, 0.7006363272666931, -0.28891319036483765, 0.026813864707946777, 0.8471651673316956, -1.45496666431427, 0.8633012175559998, 0.1509407013654709, -0.04427817463874817, 0.15791648626327515, 0.5175614356994629, -0.4226115345954895, 0.8520984053611755]
omega_1: [-0.21167342364788055, 1.373718500137329, 0.637503981590271, 0.26969271898269653, 0.12099263072013855, 0.5880200266838074, -0.8588048815727234, 1.481383204460144, -0.7561616897583008, -0.10682348161935806, 0.15212617814540863, 0.7901783585548401, -0.5964961051940918, -1.7852286100387573, 0.6099919080734253, 0.9419102668762207, 1.288179636001587, 0.3353676497936249, 0.3037510812282562, 0.3361683487892151, 0.526864767074585, -0.6885387897491455, 1.604562759399414, -1.0684207677841187]
softmax_omega_0: [0.010722354985773563, 0.0076174261048436165, 0.02517508529126644, 0.029082175344228745, 0.023895621299743652, 0.006985282059758902, 0.009903240948915482, 0.25554731488227844, 0.0241866298019886, 0.023365871980786324, 0.010625816881656647, 0.04066361114382744, 0.06422998011112213, 0.023877114057540894, 0.03274163603782654, 0.07436598837375641, 0.007439971901476383, 0.07557570934295654, 0.03706875070929527, 0.030494777485728264, 0.037328239530324936, 0.05348467081785202, 0.02088898792862892, 0.07473377138376236]
softmax_omega_1: [0.019801707938313484, 0.09665617346763611, 0.04629090800881386, 0.032044779509305954, 0.02761707454919815, 0.0440560057759285, 0.010367093607783318, 0.1076434999704361, 0.011487734504044056, 0.021990668028593063, 0.028490416705608368, 0.053926389664411545, 0.013476474210619926, 0.004105029162019491, 0.04503471404314041, 0.06276212632656097, 0.08873205631971359, 0.03421996533870697, 0.03315497189760208, 0.03424737602472305, 0.04144247621297836, 0.0122914370149374, 0.12175421416759491, 0.008406630717217922]
argmax_omega_0: 7
argmax_omega_1: 22
ap0: -1.0
ap1: 1.0
bp0: -0.15673278272151947
bp1: 0.04860050976276398
output: -1.0

Node 18 (Layer 3)
------------------------------
Candidates: [0, 1, 2, 3, 4, 5, 6, 7, 8, 9, 10, 11, 12, 13, 14, 15, 16, 17]
x_values: [1.0, 1.0, -1.0, -1.0, 1.0, -1.0, 1.0, -1.0, -1.0, 1.0, -1.0, -1.0, 1.0, -1.0, -1.0, -1.0, -1.0, -1.0]
yi_values: [1.0, 1.0, -1.0, -1.0, 1.0, -1.0, 1.0, -1.0, -1.0, 1.0, -1.0, -1.0, 1.0, -1.0, -1.0, -1.0, -1.0, -1.0, -1.0, -1.0, 1.0, 1.0, -1.0, 1.0, -1.0, 1.0, 1.0, -1.0, 1.0, 1.0, -1.0, 1.0, 1.0, 1.0, 1.0, 1.0]
omega_0: [0.6370717883110046, -0.09769334644079208, -0.4820184111595154, -1.111234188079834, 1.1316285133361816, 1.521584391593933, -0.619161069393158, -1.082828164100647, -1.0863242149353027, 1.4785633087158203, -0.525747537612915, -1.6879688501358032, 0.8125469088554382, -0.3565632998943329, -0.21242448687553406, -0.11051025241613388, 1.136491298675537, -0.2968972325325012, -0.6143703460693359, 1.8554718494415283, -0.09490061551332474, 1.3087568283081055, 1.1657249927520752, 0.05615219473838806, 1.4645419120788574, 0.0719984844326973, -1.9121547937393188, -0.7342632412910461, -0.6136447191238403, -0.10966311395168304, -0.4958464503288269, -1.3183729648590088, 0.11317209899425507, 0.21960411965847015, 0.14301536977291107, -0.5887688994407654]
omega_1: [0.2817024290561676, -1.4025115966796875, 1.0364869832992554, -1.2519699335098267, 0.38167238235473633, 1.0139161348342896, -0.8162603974342346, -0.2161542773246765, -0.7067761421203613, 0.8968926072120667, -1.1890143156051636, -0.4607206881046295, 0.32094815373420715, 0.1778581738471985, 0.0025330018252134323, -0.5068697333335876, 2.231811761856079, -0.49629342555999756, 1.0641893148422241, 0.4927753806114197, 0.09356491267681122, -0.13619273900985718, 1.6535500288009644, 0.3152614235877991, -1.8134280443191528, -0.8756557703018188, -0.036907877773046494, 1.487646222114563, -1.0950735807418823, 1.5520823001861572, -0.5699280500411987, 1.0416477918624878, -1.1339668035507202, -0.08635386824607849, -0.8365647792816162, 1.1795005798339844]
softmax_omega_0: [0.03466592729091644, 0.016626404598355293, 0.011321086436510086, 0.006034248508512974, 0.05684418976306915, 0.08395406603813171, 0.009870241396129131, 0.006208113860338926, 0.006186448968946934, 0.08041886240243912, 0.010836693458259106, 0.0033896155655384064, 0.04131528362631798, 0.012834311462938786, 0.014824199490249157, 0.016414666548371315, 0.05712128058075905, 0.013623391278088093, 0.009917641058564186, 0.11723228543996811, 0.016672903671860695, 0.0678596943616867, 0.05881579965353012, 0.019391555339097977, 0.07929914444684982, 0.019701287150382996, 0.0027088671922683716, 0.00879710167646408, 0.009924839250743389, 0.016428576782345772, 0.011165615171194077, 0.004905281588435173, 0.02052939124405384, 0.022834889590740204, 0.021151287481188774, 0.010174824856221676]
softmax_omega_1: [0.02187751792371273, 0.004060253966599703, 0.04653683677315712, 0.004719897639006376, 0.02417767234146595, 0.04549822583794594, 0.007297244388610125, 0.013297855854034424, 0.008141553029417992, 0.04047359153628349, 0.005026595667004585, 0.010412805713713169, 0.022753188386559486, 0.019719643518328667, 0.016548411920666695, 0.009943184442818165, 0.1537870615720749, 0.01004890725016594, 0.04784403741359711, 0.027018792927265167, 0.018125543370842934, 0.01440484169870615, 0.08625492453575134, 0.022624164819717407, 0.002692120149731636, 0.006876441650092602, 0.015908431261777878, 0.07306893914937973, 0.005521688144654036, 0.0779322162270546, 0.00933554582297802, 0.046777624636888504, 0.005311054643243551, 0.015140955336391926, 0.007150572258979082, 0.05369166284799576]
argmax_omega_0: 19
argmax_omega_1: 16
ap0: -1.0
ap1: -1.0
bp0: -0.055951401591300964
bp1: -0.1797906458377838
output: -1.0

Node 19 (Layer 3)
------------------------------
Candidates: [0, 1, 2, 3, 4, 5, 6, 7, 8, 9, 10, 11, 12, 13, 14, 15, 16, 17]
x_values: [1.0, 1.0, -1.0, -1.0, 1.0, -1.0, 1.0, -1.0, -1.0, 1.0, -1.0, -1.0, 1.0, -1.0, -1.0, -1.0, -1.0, -1.0]
yi_values: [1.0, 1.0, -1.0, -1.0, 1.0, -1.0, 1.0, -1.0, -1.0, 1.0, -1.0, -1.0, 1.0, -1.0, -1.0, -1.0, -1.0, -1.0, -1.0, -1.0, 1.0, 1.0, -1.0, 1.0, -1.0, 1.0, 1.0, -1.0, 1.0, 1.0, -1.0, 1.0, 1.0, 1.0, 1.0, 1.0]
omega_0: [0.34926146268844604, 0.8700231313705444, -1.5035024881362915, -0.3180552124977112, 0.2646535038948059, 0.2975117266178131, -1.2616435289382935, 0.0007420944748446345, 1.3043246269226074, 0.1944299191236496, 1.4028464555740356, -0.9397647976875305, 0.43575987219810486, 1.5925692319869995, -0.6903656125068665, -1.188888430595398, -0.6764489412307739, -1.7339057922363281, 0.10342516005039215, -0.29864364862442017, 0.7699276804924011, 1.2574739456176758, 1.5265623331069946, -0.7644282579421997, -1.4825726747512817, -0.39352163672447205, -2.649789333343506, -0.133595272898674, 0.34203025698661804, -1.9624203443527222, -1.465802550315857, 1.283568263053894, -0.9283838868141174, -1.0601884126663208, 0.512938380241394, -0.5931822657585144]
omega_1: [0.0072133587673306465, 0.10451298952102661, -0.05272297561168671, -0.3087042570114136, -0.7311491370201111, 0.0763336643576622, 0.41516736149787903, 0.397601842880249, -0.024728065356612206, 0.4265056252479553, -2.1793744564056396, 1.278422474861145, -0.662980854511261, 2.2831528186798096, -0.8842716813087463, 0.3177688419818878, 0.36711186170578003, 0.8655637502670288, -0.7625665664672852, -0.6816005110740662, 0.28139710426330566, 1.0985379219055176, -1.7109431028366089, 0.7347177863121033, -0.02996196784079075, 0.7660804390907288, 1.140929102897644, -0.16928081214427948, -1.6320691108703613, -0.8560047745704651, -1.626291275024414, 0.02833346091210842, 0.21529144048690796, -1.3994778394699097, 0.28596997261047363, -0.9911401867866516]
softmax_omega_0: [0.029061168432235718, 0.048918936401605606, 0.004556883126497269, 0.0149108050391078, 0.02670351043343544, 0.027595510706305504, 0.005803713109344244, 0.020509403198957443, 0.0755251795053482, 0.024892618879675865, 0.0833449438214302, 0.008007483556866646, 0.03168683499097824, 0.10075689852237701, 0.010275637730956078, 0.006241702940315008, 0.010419639758765697, 0.0036191369872540236, 0.022727293893694878, 0.015203075483441353, 0.044259462505578995, 0.07206837832927704, 0.09432099014520645, 0.00954209640622139, 0.004653262905776501, 0.013826952315866947, 0.001448244322091341, 0.017931271344423294, 0.02885178104043007, 0.0028798007406294346, 0.004731957335025072, 0.07397370785474777, 0.008099136874079704, 0.007098993752151728, 0.03422922641038895, 0.01132439449429512]
softmax_omega_1: [0.020065050572156906, 0.02211550623178482, 0.018897756934165955, 0.014629821293056011, 0.009589003399014473, 0.02150101028382778, 0.030172575265169144, 0.029647206887602806, 0.01943427138030529, 0.030516626313328743, 0.0022532904986292124, 0.071535125374794, 0.010265464894473553, 0.19537463784217834, 0.00822760071605444, 0.027372391894459724, 0.02875690907239914, 0.047338780015707016, 0.009292425587773323, 0.010076092556118965, 0.02639469876885414, 0.059758055955171585, 0.0035996013320982456, 0.04153282195329666, 0.019332818686962128, 0.042856037616729736, 0.06234573572874069, 0.01681859791278839, 0.0038950128946453333, 0.008463487960398197, 0.0039175827987492085, 0.02049333043396473, 0.024706285446882248, 0.00491498364135623, 0.026515675708651543, 0.007393683306872845]
argmax_omega_0: 13
argmax_omega_1: 13
ap0: -1.0
ap1: -1.0
bp0: -0.05066211521625519
bp1: -0.09601188451051712
output: -1.0

Node 20 (Layer 3)
------------------------------
Candidates: [0, 1, 2, 3, 4, 5, 6, 7, 8, 9, 10, 11, 12, 13, 14, 15, 16, 17]
x_values: [1.0, 1.0, -1.0, -1.0, 1.0, -1.0, 1.0, -1.0, -1.0, 1.0, -1.0, -1.0, 1.0, -1.0, -1.0, -1.0, -1.0, -1.0]
yi_values: [1.0, 1.0, -1.0, -1.0, 1.0, -1.0, 1.0, -1.0, -1.0, 1.0, -1.0, -1.0, 1.0, -1.0, -1.0, -1.0, -1.0, -1.0, -1.0, -1.0, 1.0, 1.0, -1.0, 1.0, -1.0, 1.0, 1.0, -1.0, 1.0, 1.0, -1.0, 1.0, 1.0, 1.0, 1.0, 1.0]
omega_0: [0.745612382888794, -0.8379071354866028, 0.06266701221466064, -0.23968377709388733, -0.13733750581741333, 0.06745222955942154, -1.2164732217788696, -1.6308624744415283, 0.6892362833023071, 0.17049407958984375, -1.2858837842941284, -0.33751222491264343, -0.5599592924118042, -0.7718812227249146, -0.8424162268638611, -1.0396945476531982, 0.24648332595825195, 0.18124927580356598, 0.6391631364822388, 0.7870778441429138, -0.43454012274742126, 0.476738840341568, 0.8205255270004272, 0.40657728910446167, -1.1952550411224365, 0.9168136119842529, 0.5786720514297485, -0.023872433230280876, 1.8790045976638794, -0.8302427530288696, 1.2428215742111206, 1.34529709815979, -1.0831495523452759, -0.5471550822257996, 0.23778922855854034, 0.8091264367103577]
omega_1: [-0.6831345558166504, 1.1299320459365845, -1.016320824623108, -1.8160452842712402, 0.4597623646259308, -0.1441543847322464, -0.11405596137046814, 1.445683240890503, -2.268902063369751, -0.9224746227264404, 1.4673861265182495, 0.8919830322265625, -0.3813907206058502, 0.40125593543052673, 0.5895283818244934, -1.0952134132385254, -1.1952550411224365, -0.7932989597320557, -0.08117404580116272, -0.7235893607139587, 0.724128246307373, 0.9567129611968994, 1.413475751876831, 0.35387173295021057, -0.2242768108844757, -0.3877447545528412, -1.3252613544464111, 1.086150884628296, 0.8314706683158875, 0.057551369071006775, 1.7681077718734741, 0.2727491557598114, -0.9443264603614807, 0.3397163152694702, 0.06037295609712601, -1.5793720483779907]
softmax_omega_0: [0.042412497103214264, 0.00870522577315569, 0.0214236993342638, 0.01583380065858364, 0.017540160566568375, 0.021526459604501724, 0.005961710587143898, 0.003939162474125624, 0.04008759558200836, 0.023862894624471664, 0.0055619399063289165, 0.014358161948621273, 0.011494532227516174, 0.009299395605921745, 0.008666062727570534, 0.007114507723599672, 0.025746895000338554, 0.024120930582284927, 0.038129713386297226, 0.04420812055468559, 0.01303047128021717, 0.03241332247853279, 0.045711785554885864, 0.03021709807217121, 0.006089558359235525, 0.05033216252923012, 0.0358915813267231, 0.019647659733891487, 0.13174065947532654, 0.008772202767431736, 0.06973150372505188, 0.07725624740123749, 0.006811968050897121, 0.011642656289041042, 0.025524020195007324, 0.04519367590546608]
softmax_omega_1: [0.009358548559248447, 0.057360559701919556, 0.006706680171191692, 0.003014335874468088, 0.029346909373998642, 0.016042964532971382, 0.016533173620700836, 0.07865791022777557, 0.0019165427656844258, 0.00736655667424202, 0.08038367331027985, 0.045214053243398666, 0.012654769234359264, 0.027679190039634705, 0.033413276076316833, 0.006197905167937279, 0.00560786435380578, 0.008382330648601055, 0.017085853964090347, 0.008987507782876492, 0.038227424025535583, 0.04823755472898483, 0.07616489380598068, 0.026398221030831337, 0.014807711355388165, 0.012574614956974983, 0.004924208857119083, 0.05490342527627945, 0.0425591804087162, 0.0196283757686615, 0.1085849329829216, 0.024341290816664696, 0.007207328453660011, 0.026027176529169083, 0.01968383602797985, 0.003819245146587491]
argmax_omega_0: 28
argmax_omega_1: 30
ap0: 1.0
ap1: -1.0
bp0: 0.1576061248779297
bp1: -0.18750207126140594
output: -1.0

Node 21 (Layer 3)
------------------------------
Candidates: [0, 1, 2, 3, 4, 5, 6, 7, 8, 9, 10, 11, 12, 13, 14, 15, 16, 17]
x_values: [1.0, 1.0, -1.0, -1.0, 1.0, -1.0, 1.0, -1.0, -1.0, 1.0, -1.0, -1.0, 1.0, -1.0, -1.0, -1.0, -1.0, -1.0]
yi_values: [1.0, 1.0, -1.0, -1.0, 1.0, -1.0, 1.0, -1.0, -1.0, 1.0, -1.0, -1.0, 1.0, -1.0, -1.0, -1.0, -1.0, -1.0, -1.0, -1.0, 1.0, 1.0, -1.0, 1.0, -1.0, 1.0, 1.0, -1.0, 1.0, 1.0, -1.0, 1.0, 1.0, 1.0, 1.0, 1.0]
omega_0: [0.7955068945884705, 0.8714041709899902, -0.08920538425445557, 0.04424544796347618, -0.3115515112876892, 0.2976490557193756, 0.0109171187505126, 1.3091838359832764, -0.886966347694397, -1.7032090425491333, 0.18263936042785645, 1.2009892463684082, 0.5751675367355347, 0.5331641435623169, 0.9295312762260437, -0.3824334740638733, 0.5052103996276855, -0.41428038477897644, -1.2258082628250122, -3.0453438758850098, -0.7921149134635925, -0.859182596206665, -0.052514996379613876, -0.046245135366916656, -1.2658032178878784, -0.9018588662147522, -1.4781209230422974, 1.0559436082839966, -0.16008810698986053, -0.9059157967567444, -0.8738175630569458, 0.6271092295646667, 0.7493193745613098, 2.0015017986297607, 0.5637419819831848, 1.0485469102859497]
omega_1: [-0.10342301428318024, 0.3218804597854614, -1.235397219657898, -0.10432646423578262, 0.9018169045448303, 0.31557273864746094, -0.9529374837875366, 0.1151168942451477, -0.3223247230052948, 2.2423479557037354, 0.9670687317848206, -0.027932632714509964, -0.6603919267654419, 0.2869001030921936, 2.040731906890869, 0.20313841104507446, 1.1532552242279053, 0.8044329881668091, -0.13447736203670502, 0.253243625164032, 0.647739827632904, -0.8670340180397034, -0.7475457191467285, 1.572319746017456, -0.5832317471504211, -1.6242451667785645, 0.4729803204536438, 0.17073845863342285, 2.032829999923706, 0.061032962054014206, 1.272061824798584, -0.7091923356056213, 0.6041699051856995, 0.7122691869735718, 0.09087596088647842, -0.8687995076179504]
softmax_omega_0: [0.04254480451345444, 0.04589953273534775, 0.017563894391059875, 0.02007140778005123, 0.014062324538826942, 0.02586006373167038, 0.019413482397794724, 0.07111047208309174, 0.007909656502306461, 0.0034967768006026745, 0.023050561547279358, 0.0638182982802391, 0.03413141891360283, 0.032727472484111786, 0.048646606504917145, 0.01310006808489561, 0.03182528540492058, 0.012689442373812199, 0.005636382382363081, 0.0009136635344475508, 0.008696631528437138, 0.00813249871134758, 0.018220288679003716, 0.01833488792181015, 0.00541540514677763, 0.007792735937982798, 0.004379478748887777, 0.055201731622219086, 0.016362018883228302, 0.007761185057461262, 0.008014345541596413, 0.03595111146569252, 0.04062444716691971, 0.14210306107997894, 0.033743664622306824, 0.05479493364691734]
softmax_omega_1: [0.012844325974583626, 0.01965252310037613, 0.00414096238091588, 0.01283272821456194, 0.03509793058037758, 0.01952895149588585, 0.005492524243891239, 0.01598166674375534, 0.010319141671061516, 0.13411173224449158, 0.037464506924152374, 0.013851488009095192, 0.007359067909419537, 0.018976954743266106, 0.10962409526109695, 0.017452165484428406, 0.04513150453567505, 0.031841110438108444, 0.012451584450900555, 0.01834888756275177, 0.02722308225929737, 0.005985209718346596, 0.006744852289557457, 0.06862418353557587, 0.007949377410113811, 0.002806898672133684, 0.02285810187458992, 0.016895778477191925, 0.1087612733244896, 0.015140273608267307, 0.05082493647933006, 0.007008565589785576, 0.026062440127134323, 0.029037686064839363, 0.015598912723362446, 0.005974651779979467]
argmax_omega_0: 33
argmax_omega_1: 9
ap0: 1.0
ap1: 1.0
bp0: 0.0764499381184578
bp1: 0.09927871078252792
output: 1.0

Node 22 (Layer 3)
------------------------------
Candidates: [0, 1, 2, 3, 4, 5, 6, 7, 8, 9, 10, 11, 12, 13, 14, 15, 16, 17]
x_values: [1.0, 1.0, -1.0, -1.0, 1.0, -1.0, 1.0, -1.0, -1.0, 1.0, -1.0, -1.0, 1.0, -1.0, -1.0, -1.0, -1.0, -1.0]
yi_values: [1.0, 1.0, -1.0, -1.0, 1.0, -1.0, 1.0, -1.0, -1.0, 1.0, -1.0, -1.0, 1.0, -1.0, -1.0, -1.0, -1.0, -1.0, -1.0, -1.0, 1.0, 1.0, -1.0, 1.0, -1.0, 1.0, 1.0, -1.0, 1.0, 1.0, -1.0, 1.0, 1.0, 1.0, 1.0, 1.0]
omega_0: [-0.7486689686775208, 0.09714938700199127, 1.4325507879257202, 0.1952044516801834, 0.22973309457302094, 0.8665791153907776, -0.07132597267627716, 1.288104772567749, -2.000211477279663, -0.5215657353401184, 0.669727087020874, 0.40792733430862427, -0.4382796287536621, -0.5210415720939636, 0.3498203158378601, -0.7093722820281982, 0.7900912165641785, 0.5627787113189697, -1.4274643659591675, -0.3500349223613739, -1.025955319404602, 0.018918195739388466, -0.603310227394104, 0.8245024681091309, -0.04047262668609619, -0.573119044303894, -0.7983366250991821, 0.4909313917160034, 0.03162510693073273, 0.9648385643959045, 1.0384321212768555, 0.19853262603282928, 0.2809467017650604, 0.13095329701900482, 0.3242740333080292, -0.5184060335159302]
omega_1: [-0.9839772582054138, 0.38261520862579346, -0.2930985987186432, -0.29906395077705383, -0.9798358082771301, 1.3290936946868896, 0.742074191570282, -1.9221729040145874, -0.34768927097320557, -0.7121608257293701, -0.6063005924224854, -0.34652775526046753, 1.4443062543869019, -0.78950434923172, 0.11529701203107834, -0.31463438272476196, -0.8801664113998413, 0.307557612657547, 0.022976355627179146, -0.8730857372283936, -1.243818759918213, -1.02821946144104, -0.39058366417884827, -0.8376991152763367, 1.7297611236572266, -0.32550546526908875, -1.6490591764450073, -0.3961651623249054, -0.525540828704834, 0.972187876701355, -0.23602037131786346, 1.0188665390014648, 0.591532826423645, 0.20714223384857178, -0.04050048813223839, 0.39469870924949646]
softmax_omega_0: [0.009984947741031647, 0.02326376922428608, 0.08843772113323212, 0.02566048502922058, 0.026561981067061424, 0.05021565780043602, 0.019656769931316376, 0.07654299587011337, 0.0028563267551362514, 0.012530704960227013, 0.04124273359775543, 0.03174309432506561, 0.013619030825793743, 0.012537275440990925, 0.02995115891098976, 0.010385137051343918, 0.0465179868042469, 0.037059567868709564, 0.005064642056822777, 0.014875459484755993, 0.0075669679790735245, 0.021513184532523155, 0.011547137051820755, 0.04814659059047699, 0.020272700116038322, 0.011901075020432472, 0.009501134045422077, 0.03449033573269844, 0.02178829535841942, 0.05540037527680397, 0.05963125824928284, 0.025746028870344162, 0.027957752346992493, 0.02406361885368824, 0.029195711016654968, 0.012570361606776714]
softmax_omega_1: [0.008654244244098663, 0.03394163027405739, 0.01726926676928997, 0.017166558653116226, 0.008690159767866135, 0.08745469152927399, 0.048623226583004, 0.0033866935409605503, 0.01635180041193962, 0.011357363313436508, 0.012625600211322308, 0.016370801255106926, 0.09813395142555237, 0.01051205676048994, 0.025979923084378242, 0.01690133661031723, 0.009600935503840446, 0.03148731216788292, 0.023688828572630882, 0.009669158607721329, 0.006673926487565041, 0.008279707282781601, 0.015665225684642792, 0.01001744344830513, 0.1305541694164276, 0.01671859622001648, 0.004450283478945494, 0.015578036196529865, 0.013687544502317905, 0.061204150319099426, 0.01828364096581936, 0.0641288086771965, 0.041827745735645294, 0.028479067608714104, 0.02223186381161213, 0.034354254603385925]
argmax_omega_0: 2
argmax_omega_1: 24
ap0: -1.0
ap1: -1.0
bp0: -0.19806337356567383
bp1: 0.04290793091058731
output: -1.0

Node 23 (Layer 3)
------------------------------
Candidates: [0, 1, 2, 3, 4, 5, 6, 7, 8, 9, 10, 11, 12, 13, 14, 15, 16, 17]
x_values: [1.0, 1.0, -1.0, -1.0, 1.0, -1.0, 1.0, -1.0, -1.0, 1.0, -1.0, -1.0, 1.0, -1.0, -1.0, -1.0, -1.0, -1.0]
yi_values: [1.0, 1.0, -1.0, -1.0, 1.0, -1.0, 1.0, -1.0, -1.0, 1.0, -1.0, -1.0, 1.0, -1.0, -1.0, -1.0, -1.0, -1.0, -1.0, -1.0, 1.0, 1.0, -1.0, 1.0, -1.0, 1.0, 1.0, -1.0, 1.0, 1.0, -1.0, 1.0, 1.0, 1.0, 1.0, 1.0]
omega_0: [0.6578793525695801, -0.24455831944942474, 1.5608587265014648, 0.25289392471313477, -0.10501699149608612, -1.8133716583251953, 0.15819844603538513, 0.4242517054080963, 0.8220782279968262, 0.5817746520042419, 0.0725407600402832, 0.5802633762359619, 1.5098540782928467, 0.8001839518547058, -0.04656807705760002, 0.5277586579322815, -0.1468200385570526, 0.7366196513175964, -0.43402397632598877, -2.809072971343994, 0.7771267890930176, -0.16069218516349792, -0.038996413350105286, -1.2050279378890991, -0.8285973072052002, -0.4652162194252014, 1.1468809843063354, -1.0389233827590942, 1.2899229526519775, -2.2158725261688232, -0.701741099357605, -0.9764305353164673, 0.8672366142272949, -0.6418280601501465, -0.43403899669647217, 0.6275623440742493]
omega_1: [0.10435105115175247, -0.022884024307131767, 0.9501395225524902, -2.1439902782440186, -1.057050347328186, -1.0664987564086914, -1.66704261302948, 1.0511947870254517, -0.6848442554473877, -1.2043049335479736, 0.8193515539169312, -0.5702743530273438, -1.6224267482757568, -0.873315691947937, 1.0820724964141846, 0.42028138041496277, -0.1391257494688034, 0.46150821447372437, 0.31072306632995605, 0.8069608807563782, -0.44592735171318054, -0.05330996587872505, 1.0853962898254395, 0.11486362665891647, 0.3529708683490753, 0.7921811938285828, -0.05456354841589928, 0.4197935461997986, -0.5254520773887634, 1.2159652709960938, -0.9598965048789978, 0.583715558052063, 0.8624312877655029, 0.9604864716529846, 0.09516327828168869, 0.35172218084335327]
softmax_omega_0: [0.03755297511816025, 0.015230728313326836, 0.09264101833105087, 0.02504732832312584, 0.01751147396862507, 0.003172441851347685, 0.02278430201113224, 0.029729057103395462, 0.044254254549741745, 0.03480106592178345, 0.020913900807499886, 0.03474850952625275, 0.08803436905145645, 0.04329586774110794, 0.018565503880381584, 0.03297111392021179, 0.01679452881217003, 0.040629442781209946, 0.012601920403540134, 0.0011721039190888405, 0.04230900853872299, 0.016563160344958305, 0.018706606701016426, 0.0058289989829063416, 0.008493286557495594, 0.012214907445013523, 0.0612371601164341, 0.006882279645651579, 0.07065410912036896, 0.0021212399005889893, 0.009642033837735653, 0.007326096761971712, 0.04629851505160332, 0.010237374342978, 0.012601731345057487, 0.03643156960606575]
softmax_omega_1: [0.022775907069444656, 0.02005479298532009, 0.05306363105773926, 0.002404547994956374, 0.007129934150725603, 0.007062883581966162, 0.0038740846794098616, 0.05870629847049713, 0.010345048271119595, 0.006153661757707596, 0.04655822739005089, 0.01160084456205368, 0.004050844814628363, 0.00856801774352789, 0.06054729223251343, 0.031237946823239326, 0.017853982746601105, 0.032552704215049744, 0.027996381744742393, 0.045984897762537, 0.01313689723610878, 0.01945379748940468, 0.0607488714158535, 0.02301660180091858, 0.029204506427049637, 0.04531025514006615, 0.01942942477762699, 0.031222712248563766, 0.012132649309933186, 0.06922191381454468, 0.007857399061322212, 0.03678417578339577, 0.048607777804136276, 0.05361552536487579, 0.02256760559976101, 0.029168063774704933]
argmax_omega_0: 2
argmax_omega_1: 29
ap0: -1.0
ap1: 1.0
bp0: 0.07947760820388794
bp1: -0.0870322585105896
output: -1.0

Node 24 (Layer 3)
------------------------------
Candidates: [0, 1, 2, 3, 4, 5, 6, 7, 8, 9, 10, 11, 12, 13, 14, 15, 16, 17]
x_values: [1.0, 1.0, -1.0, -1.0, 1.0, -1.0, 1.0, -1.0, -1.0, 1.0, -1.0, -1.0, 1.0, -1.0, -1.0, -1.0, -1.0, -1.0]
yi_values: [1.0, 1.0, -1.0, -1.0, 1.0, -1.0, 1.0, -1.0, -1.0, 1.0, -1.0, -1.0, 1.0, -1.0, -1.0, -1.0, -1.0, -1.0, -1.0, -1.0, 1.0, 1.0, -1.0, 1.0, -1.0, 1.0, 1.0, -1.0, 1.0, 1.0, -1.0, 1.0, 1.0, 1.0, 1.0, 1.0]
omega_0: [0.37701451778411865, -0.8171380758285522, -1.3860567808151245, 1.1936416625976562, 0.12433428317308426, 2.179165840148926, -1.2506567239761353, -0.7514175772666931, 0.37555962800979614, 0.8533509373664856, -2.0688161849975586, 0.24896547198295593, 0.31944379210472107, 0.7961819767951965, 1.4241962432861328, 0.25026771426200867, -1.7222900390625, 2.51257061958313, -1.51097571849823, 0.1959911584854126, 0.5743048191070557, 0.6235949397087097, -0.5932398438453674, -2.2065932750701904, 1.0164995193481445, -0.5831443667411804, 0.6566905379295349, 0.32437586784362793, 1.7668750286102295, -0.017941484227776527, -0.41030648350715637, -1.3398816585540771, -1.2708271741867065, -1.6741342544555664, 1.6195764541625977, -0.06414327025413513]
omega_1: [0.3801182508468628, 0.5196424126625061, 0.05265115574002266, -2.153935670852661, 0.18822792172431946, -1.190305233001709, -0.5192958116531372, -0.1274547576904297, 0.38924530148506165, 0.19696901738643646, 0.15198424458503723, -0.7788569331169128, 1.1966907978057861, 1.188728928565979, 0.08138086646795273, -0.7798389196395874, 1.6921616792678833, -0.047632187604904175, 0.7484107613563538, 1.7173686027526855, -1.6469647884368896, -0.6129685044288635, 1.2470697164535522, 0.30113840103149414, 0.2754596769809723, 0.07298566401004791, 0.2513127028942108, -0.31896212697029114, 0.38680723309516907, -0.6892955899238586, 1.7526094913482666, -0.1323680281639099, 0.677324116230011, 0.16840258240699768, -0.30026450753211975, -1.7966383695602417]
softmax_omega_0: [0.02096843719482422, 0.006352611351758242, 0.003596450202167034, 0.04744853079319, 0.01628652773797512, 0.1271248608827591, 0.004117915406823158, 0.006784131284803152, 0.020937953144311905, 0.03376263752579689, 0.0018170020775869489, 0.018448248505592346, 0.019795360043644905, 0.03188659995794296, 0.05975184962153435, 0.01847228780388832, 0.002569507109001279, 0.1774297058582306, 0.0031741131097078323, 0.017496401444077492, 0.025541607290506363, 0.0268320981413126, 0.007946758531033993, 0.0015831405762583017, 0.039745770394802094, 0.008027390576899052, 0.02773498184978962, 0.019893234595656395, 0.08417339622974396, 0.014126640744507313, 0.009541945531964302, 0.003766409819945693, 0.004035688005387783, 0.0026962715201079845, 0.07264469563961029, 0.013488813303411007]
softmax_omega_1: [0.025897793471813202, 0.029775381088256836, 0.018665757030248642, 0.002054646611213684, 0.021375970914959908, 0.005385629832744598, 0.010535427369177341, 0.015589299611747265, 0.026135243475437164, 0.021563639864325523, 0.020615098997950554, 0.008126923814415932, 0.058599743992090225, 0.058135028928518295, 0.01920979656279087, 0.0081189488992095, 0.09617805480957031, 0.016884690150618553, 0.037429165095090866, 0.09863322228193283, 0.0034112362191081047, 0.00959335919469595, 0.06162756681442261, 0.023931076750159264, 0.023324379697442055, 0.019049201160669327, 0.022767912596464157, 0.012872295454144478, 0.02607160247862339, 0.008888373151421547, 0.10217111557722092, 0.015512892045080662, 0.034860819578170776, 0.020956357941031456, 0.013115240260958672, 0.002937037032097578]
argmax_omega_0: 17
argmax_omega_1: 30
ap0: -1.0
ap1: -1.0
bp0: -0.22813072800636292
bp1: -0.2623137831687927
output: -1.0

Node 25 (Layer 3)
------------------------------
Candidates: [0, 1, 2, 3, 4, 5, 6, 7, 8, 9, 10, 11, 12, 13, 14, 15, 16, 17]
x_values: [1.0, 1.0, -1.0, -1.0, 1.0, -1.0, 1.0, -1.0, -1.0, 1.0, -1.0, -1.0, 1.0, -1.0, -1.0, -1.0, -1.0, -1.0]
yi_values: [1.0, 1.0, -1.0, -1.0, 1.0, -1.0, 1.0, -1.0, -1.0, 1.0, -1.0, -1.0, 1.0, -1.0, -1.0, -1.0, -1.0, -1.0, -1.0, -1.0, 1.0, 1.0, -1.0, 1.0, -1.0, 1.0, 1.0, -1.0, 1.0, 1.0, -1.0, 1.0, 1.0, 1.0, 1.0, 1.0]
omega_0: [0.762898862361908, -1.7865843772888184, 0.5191404819488525, 0.09418997913599014, 0.2144320011138916, -1.9968563318252563, 0.29453209042549133, 0.17590518295764923, -0.2552489638328552, -0.40854474902153015, -0.15690456330776215, -0.5602735280990601, -0.10741406679153442, 1.9748153686523438, -0.6058560609817505, -0.5107612013816833, 1.017504334449768, -1.1274261474609375, -1.1630371809005737, 0.6344870924949646, 2.3146536350250244, 0.9901419878005981, -1.2571412324905396, -0.5048442482948303, 0.5649703145027161, 0.2715952396392822, 0.5717280507087708, 1.6576855182647705, 0.47408759593963623, 1.1265039443969727, -1.4818713665008545, 1.4560819864273071, -0.8420491218566895, 0.8823130130767822, 0.20619499683380127, 1.6557867527008057]
omega_1: [0.7721076607704163, 1.655370831489563, 0.1859646886587143, -1.0906453132629395, 0.7966439723968506, 1.9007880687713623, 0.032343629747629166, -1.6368823051452637, 0.1268112063407898, 1.6728624105453491, -1.9185067415237427, -0.0347539521753788, -0.18457603454589844, 0.4687691032886505, -0.8309158682823181, -0.23712265491485596, -0.58834308385849, 0.2592889964580536, -3.250286340713501, -1.441952109336853, 0.01998133771121502, 0.37856608629226685, -1.0653111934661865, -1.0847259759902954, -1.7024592161178589, 0.19491450488567352, 0.6490007638931274, -1.136773943901062, -1.4696016311645508, -0.4638948142528534, 0.0668734461069107, -1.4654401540756226, 0.016339367255568504, 0.1243966594338417, -0.44074344635009766, 0.7667627334594727]
softmax_omega_0: [0.03120775707066059, 0.002438012510538101, 0.024456797167658806, 0.01598990522325039, 0.01803293451666832, 0.001975677441805601, 0.01953679881989956, 0.01735139638185501, 0.011274220421910286, 0.009671882726252079, 0.012439331039786339, 0.008310288190841675, 0.013070447370409966, 0.1048554927110672, 0.007939986884593964, 0.008732104673981667, 0.040256522595882416, 0.004713079892098904, 0.004548196215182543, 0.027446946129202843, 0.14729264378547668, 0.03916994482278824, 0.004139712546020746, 0.008783926256000996, 0.025603728368878365, 0.019093787297606468, 0.025777338072657585, 0.07635956257581711, 0.023379402235150337, 0.04489254206418991, 0.003306520404294133, 0.06241775304079056, 0.0062696379609405994, 0.03516603633761406, 0.017885008826851845, 0.07621471583843231]
softmax_omega_1: [0.046713974326848984, 0.11299081146717072, 0.02599490061402321, 0.007252094801515341, 0.047874338924884796, 0.14441971480846405, 0.022293146699666977, 0.0041998689994215965, 0.02450180985033512, 0.11498458683490753, 0.0031690404284745455, 0.02084640972316265, 0.01794586330652237, 0.034491218626499176, 0.009402915835380554, 0.01702721416950226, 0.01198424119502306, 0.02797257900238037, 0.000836649036500603, 0.0051037915982306, 0.022019250318408012, 0.03151619806885719, 0.007438167463988066, 0.00729514891281724, 0.003933291416615248, 0.026228591799736023, 0.04130305349826813, 0.0069251651875674725, 0.004964606370776892, 0.013572434894740582, 0.023076368495821953, 0.004985310602933168, 0.021939203143119812, 0.02444271929562092, 0.013890320435166359, 0.0464649572968483]
argmax_omega_0: 20
argmax_omega_1: 5
ap0: 1.0
ap1: -1.0
bp0: 0.20060113072395325
bp1: 0.24284906685352325
output: -1.0

