Inputs=[0,0,0,0,0,0,0,0] Outputs=[0,0,0,0,0,0,0,0] # 0*0=0
Inputs=[0,0,0,0,0,0,0,1] Outputs=[0,0,0,0,0,0,0,0] # 0*1=0
Inputs=[0,0,0,0,0,0,1,0] Outputs=[0,0,0,0,0,0,0,0] # 0*2=0
Inputs=[0,0,0,0,0,0,1,1] Outputs=[0,0,0,0,0,0,0,0] # 0*3=0
Inputs=[0,0,0,0,0,1,0,0] Outputs=[0,0,0,0,0,0,0,0] # 0*4=0
Inputs=[0,0,0,0,0,1,0,1] Outputs=[0,0,0,0,0,0,0,0] # 0*5=0
Inputs=[0,0,0,0,0,1,1,0] Outputs=[0,0,0,0,0,0,0,0] # 0*6=0
Inputs=[0,0,0,0,0,1,1,1] Outputs=[0,0,0,0,0,0,0,0] # 0*7=0
Inputs=[0,0,0,0,1,0,0,0] Outputs=[0,0,0,0,0,0,0,0] # 0*8=0
Inputs=[0,0,0,0,1,0,0,1] Outputs=[0,0,0,0,0,0,0,0] # 0*9=0
Inputs=[0,0,0,0,1,0,1,0] Outputs=[0,0,0,0,0,0,0,0] # 0*10=0
Inputs=[0,0,0,0,1,0,1,1] Outputs=[0,0,0,0,0,0,0,0] # 0*11=0
Inputs=[0,0,0,0,1,1,0,0] Outputs=[0,0,0,0,0,0,0,0] # 0*12=0
Inputs=[0,0,0,0,1,1,0,1] Outputs=[0,0,0,0,0,0,0,0] # 0*13=0
Inputs=[0,0,0,0,1,1,1,0] Outputs=[0,0,0,0,0,0,0,0] # 0*14=0
Inputs=[0,0,0,0,1,1,1,1] Outputs=[0,0,0,0,0,0,0,0] # 0*15=0
Inputs=[0,0,0,1,0,0,0,0] Outputs=[0,0,0,0,0,0,0,0] # 1*0=0
Inputs=[0,0,0,1,0,0,0,1] Outputs=[0,0,0,0,0,0,0,1] # 1*1=1
Inputs=[0,0,0,1,0,0,1,0] Outputs=[0,0,0,0,0,0,1,0] # 1*2=2
Inputs=[0,0,0,1,0,0,1,1] Outputs=[0,0,0,0,0,0,1,1] # 1*3=3
Inputs=[0,0,0,1,0,1,0,0] Outputs=[0,0,0,0,0,1,0,0] # 1*4=4
Inputs=[0,0,0,1,0,1,0,1] Outputs=[0,0,0,0,0,1,0,1] # 1*5=5
Inputs=[0,0,0,1,0,1,1,0] Outputs=[0,0,0,0,0,1,1,0] # 1*6=6
Inputs=[0,0,0,1,0,1,1,1] Outputs=[0,0,0,0,0,1,1,1] # 1*7=7
Inputs=[0,0,0,1,1,0,0,0] Outputs=[0,0,0,0,1,0,0,0] # 1*8=8
Inputs=[0,0,0,1,1,0,0,1] Outputs=[0,0,0,0,1,0,0,1] # 1*9=9
Inputs=[0,0,0,1,1,0,1,0] Outputs=[0,0,0,0,1,0,1,0] # 1*10=10
Inputs=[0,0,0,1,1,0,1,1] Outputs=[0,0,0,0,1,0,1,1] # 1*11=11
Inputs=[0,0,0,1,1,1,0,0] Outputs=[0,0,0,0,1,1,0,0] # 1*12=12
Inputs=[0,0,0,1,1,1,0,1] Outputs=[0,0,0,0,1,1,0,1] # 1*13=13
Inputs=[0,0,0,1,1,1,1,0] Outputs=[0,0,0,0,1,1,1,0] # 1*14=14
Inputs=[0,0,0,1,1,1,1,1] Outputs=[0,0,0,0,1,1,1,1] # 1*15=15
Inputs=[0,0,1,0,0,0,0,0] Outputs=[0,0,0,0,0,0,0,0] # 2*0=0
Inputs=[0,0,1,0,0,0,0,1] Outputs=[0,0,0,0,0,0,1,0] # 2*1=2
Inputs=[0,0,1,0,0,0,1,0] Outputs=[0,0,0,0,0,1,0,0] # 2*2=4
Inputs=[0,0,1,0,0,0,1,1] Outputs=[0,0,0,0,0,1,1,0] # 2*3=6
Inputs=[0,0,1,0,0,1,0,0] Outputs=[0,0,0,0,1,0,0,0] # 2*4=8
Inputs=[0,0,1,0,0,1,0,1] Outputs=[0,0,0,0,1,0,1,0] # 2*5=10
Inputs=[0,0,1,0,0,1,1,0] Outputs=[0,0,0,0,1,1,0,0] # 2*6=12
Inputs=[0,0,1,0,0,1,1,1] Outputs=[0,0,0,0,1,1,1,0] # 2*7=14
Inputs=[0,0,1,0,1,0,0,0] Outputs=[0,0,0,1,0,0,0,0] # 2*8=16
Inputs=[0,0,1,0,1,0,0,1] Outputs=[0,0,0,1,0,0,1,0] # 2*9=18
Inputs=[0,0,1,0,1,0,1,0] Outputs=[0,0,0,1,0,1,0,0] # 2*10=20
Inputs=[0,0,1,0,1,0,1,1] Outputs=[0,0,0,1,0,1,1,0] # 2*11=22
Inputs=[0,0,1,0,1,1,0,0] Outputs=[0,0,0,1,1,0,0,0] # 2*12=24
Inputs=[0,0,1,0,1,1,0,1] Outputs=[0,0,0,1,1,0,1,0] # 2*13=26
Inputs=[0,0,1,0,1,1,1,0] Outputs=[0,0,0,1,1,1,0,0] # 2*14=28
Inputs=[0,0,1,0,1,1,1,1] Outputs=[0,0,0,1,1,1,1,0] # 2*15=30
Inputs=[0,0,1,1,0,0,0,0] Outputs=[0,0,0,0,0,0,0,0] # 3*0=0
Inputs=[0,0,1,1,0,0,0,1] Outputs=[0,0,0,0,0,0,1,1] # 3*1=3
Inputs=[0,0,1,1,0,0,1,0] Outputs=[0,0,0,0,0,1,1,0] # 3*2=6
Inputs=[0,0,1,1,0,0,1,1] Outputs=[0,0,0,0,1,0,0,1] # 3*3=9
Inputs=[0,0,1,1,0,1,0,0] Outputs=[0,0,0,0,1,1,0,0] # 3*4=12
Inputs=[0,0,1,1,0,1,0,1] Outputs=[0,0,0,0,1,1,1,1] # 3*5=15
Inputs=[0,0,1,1,0,1,1,0] Outputs=[0,0,0,1,0,0,1,0] # 3*6=18
Inputs=[0,0,1,1,0,1,1,1] Outputs=[0,0,0,1,0,1,0,1] # 3*7=21
Inputs=[0,0,1,1,1,0,0,0] Outputs=[0,0,0,1,1,0,0,0] # 3*8=24
Inputs=[0,0,1,1,1,0,0,1] Outputs=[0,0,0,1,1,0,1,1] # 3*9=27
Inputs=[0,0,1,1,1,0,1,0] Outputs=[0,0,0,1,1,1,1,0] # 3*10=30
Inputs=[0,0,1,1,1,0,1,1] Outputs=[0,0,1,0,0,0,0,1] # 3*11=33
Inputs=[0,0,1,1,1,1,0,0] Outputs=[0,0,1,0,0,1,0,0] # 3*12=36
Inputs=[0,0,1,1,1,1,0,1] Outputs=[0,0,1,0,0,1,1,1] # 3*13=39
Inputs=[0,0,1,1,1,1,1,0] Outputs=[0,0,1,0,1,0,1,0] # 3*14=42
Inputs=[0,0,1,1,1,1,1,1] Outputs=[0,0,1,0,1,1,0,1] # 3*15=45
Inputs=[0,1,0,0,0,0,0,0] Outputs=[0,0,0,0,0,0,0,0] # 4*0=0
Inputs=[0,1,0,0,0,0,0,1] Outputs=[0,0,0,0,0,1,0,0] # 4*1=4
Inputs=[0,1,0,0,0,0,1,0] Outputs=[0,0,0,0,1,0,0,0] # 4*2=8
Inputs=[0,1,0,0,0,0,1,1] Outputs=[0,0,0,0,1,1,0,0] # 4*3=12
Inputs=[0,1,0,0,0,1,0,0] Outputs=[0,0,0,1,0,0,0,0] # 4*4=16
Inputs=[0,1,0,0,0,1,0,1] Outputs=[0,0,0,1,0,1,0,0] # 4*5=20
Inputs=[0,1,0,0,0,1,1,0] Outputs=[0,0,0,1,1,0,0,0] # 4*6=24
Inputs=[0,1,0,0,0,1,1,1] Outputs=[0,0,0,1,1,1,0,0] # 4*7=28
Inputs=[0,1,0,0,1,0,0,0] Outputs=[0,0,1,0,0,0,0,0] # 4*8=32
Inputs=[0,1,0,0,1,0,0,1] Outputs=[0,0,1,0,0,1,0,0] # 4*9=36
Inputs=[0,1,0,0,1,0,1,0] Outputs=[0,0,1,0,1,0,0,0] # 4*10=40
Inputs=[0,1,0,0,1,0,1,1] Outputs=[0,0,1,0,1,1,0,0] # 4*11=44
Inputs=[0,1,0,0,1,1,0,0] Outputs=[0,0,1,1,0,0,0,0] # 4*12=48
Inputs=[0,1,0,0,1,1,0,1] Outputs=[0,0,1,1,0,1,0,0] # 4*13=52
Inputs=[0,1,0,0,1,1,1,0] Outputs=[0,0,1,1,1,0,0,0] # 4*14=56
Inputs=[0,1,0,0,1,1,1,1] Outputs=[0,0,1,1,1,1,0,0] # 4*15=60
Inputs=[0,1,0,1,0,0,0,0] Outputs=[0,0,0,0,0,0,0,0] # 5*0=0
Inputs=[0,1,0,1,0,0,0,1] Outputs=[0,0,0,0,0,1,0,1] # 5*1=5
Inputs=[0,1,0,1,0,0,1,0] Outputs=[0,0,0,0,1,0,1,0] # 5*2=10
Inputs=[0,1,0,1,0,0,1,1] Outputs=[0,0,0,0,1,1,1,1] # 5*3=15
Inputs=[0,1,0,1,0,1,0,0] Outputs=[0,0,0,1,0,1,0,0] # 5*4=20
Inputs=[0,1,0,1,0,1,0,1] Outputs=[0,0,0,1,1,0,0,1] # 5*5=25
Inputs=[0,1,0,1,0,1,1,0] Outputs=[0,0,0,1,1,1,1,0] # 5*6=30
Inputs=[0,1,0,1,0,1,1,1] Outputs=[0,0,1,0,0,0,1,1] # 5*7=35
Inputs=[0,1,0,1,1,0,0,0] Outputs=[0,0,1,0,1,0,0,0] # 5*8=40
Inputs=[0,1,0,1,1,0,0,1] Outputs=[0,0,1,0,1,1,0,1] # 5*9=45
Inputs=[0,1,0,1,1,0,1,0] Outputs=[0,0,1,1,0,0,1,0] # 5*10=50
Inputs=[0,1,0,1,1,0,1,1] Outputs=[0,0,1,1,0,1,1,1] # 5*11=55
Inputs=[0,1,0,1,1,1,0,0] Outputs=[0,0,1,1,1,1,0,0] # 5*12=60
Inputs=[0,1,0,1,1,1,0,1] Outputs=[0,1,0,0,0,0,0,1] # 5*13=65
Inputs=[0,1,0,1,1,1,1,0] Outputs=[0,1,0,0,0,1,1,0] # 5*14=70
Inputs=[0,1,0,1,1,1,1,1] Outputs=[0,1,0,0,1,0,1,1] # 5*15=75
Inputs=[0,1,1,0,0,0,0,0] Outputs=[0,0,0,0,0,0,0,0] # 6*0=0
Inputs=[0,1,1,0,0,0,0,1] Outputs=[0,0,0,0,0,1,1,0] # 6*1=6
Inputs=[0,1,1,0,0,0,1,0] Outputs=[0,0,0,0,1,1,0,0] # 6*2=12
Inputs=[0,1,1,0,0,0,1,1] Outputs=[0,0,0,1,0,0,1,0] # 6*3=18
Inputs=[0,1,1,0,0,1,0,0] Outputs=[0,0,0,1,1,0,0,0] # 6*4=24
Inputs=[0,1,1,0,0,1,0,1] Outputs=[0,0,0,1,1,1,1,0] # 6*5=30
Inputs=[0,1,1,0,0,1,1,0] Outputs=[0,0,1,0,0,1,0,0] # 6*6=36
Inputs=[0,1,1,0,0,1,1,1] Outputs=[0,0,1,0,1,0,1,0] # 6*7=42
Inputs=[0,1,1,0,1,0,0,0] Outputs=[0,0,1,1,0,0,0,0] # 6*8=48
Inputs=[0,1,1,0,1,0,0,1] Outputs=[0,0,1,1,0,1,1,0] # 6*9=54
Inputs=[0,1,1,0,1,0,1,0] Outputs=[0,0,1,1,1,1,0,0] # 6*10=60
Inputs=[0,1,1,0,1,0,1,1] Outputs=[0,1,0,0,0,0,1,0] # 6*11=66
Inputs=[0,1,1,0,1,1,0,0] Outputs=[0,1,0,0,1,0,0,0] # 6*12=72
Inputs=[0,1,1,0,1,1,0,1] Outputs=[0,1,0,0,1,1,1,0] # 6*13=78
Inputs=[0,1,1,0,1,1,1,0] Outputs=[0,1,0,1,0,1,0,0] # 6*14=84
Inputs=[0,1,1,0,1,1,1,1] Outputs=[0,1,0,1,1,0,1,0] # 6*15=90
Inputs=[0,1,1,1,0,0,0,0] Outputs=[0,0,0,0,0,0,0,0] # 7*0=0
Inputs=[0,1,1,1,0,0,0,1] Outputs=[0,0,0,0,0,1,1,1] # 7*1=7
Inputs=[0,1,1,1,0,0,1,0] Outputs=[0,0,0,0,1,1,1,0] # 7*2=14
Inputs=[0,1,1,1,0,0,1,1] Outputs=[0,0,0,1,0,1,0,1] # 7*3=21
Inputs=[0,1,1,1,0,1,0,0] Outputs=[0,0,0,1,1,1,0,0] # 7*4=28
Inputs=[0,1,1,1,0,1,0,1] Outputs=[0,0,1,0,0,0,1,1] # 7*5=35
Inputs=[0,1,1,1,0,1,1,0] Outputs=[0,0,1,0,1,0,1,0] # 7*6=42
Inputs=[0,1,1,1,0,1,1,1] Outputs=[0,0,1,1,0,0,0,1] # 7*7=49
Inputs=[0,1,1,1,1,0,0,0] Outputs=[0,0,1,1,1,0,0,0] # 7*8=56
Inputs=[0,1,1,1,1,0,0,1] Outputs=[0,0,1,1,1,1,1,1] # 7*9=63
Inputs=[0,1,1,1,1,0,1,0] Outputs=[0,1,0,0,0,1,1,0] # 7*10=70
Inputs=[0,1,1,1,1,0,1,1] Outputs=[0,1,0,0,1,1,0,1] # 7*11=77
Inputs=[0,1,1,1,1,1,0,0] Outputs=[0,1,0,1,0,1,0,0] # 7*12=84
Inputs=[0,1,1,1,1,1,0,1] Outputs=[0,1,0,1,1,1,0,1] # 7*13=91
Inputs=[0,1,1,1,1,1,1,0] Outputs=[0,1,1,0,0,0,1,0] # 7*14=98
Inputs=[0,1,1,1,1,1,1,1] Outputs=[0,1,1,0,1,0,0,1] # 7*15=105
Inputs=[1,0,0,0,0,0,0,0] Outputs=[0,0,0,0,0,0,0,0] # 8*0=0
Inputs=[1,0,0,0,0,0,0,1] Outputs=[0,0,0,0,1,0,0,0] # 8*1=8
Inputs=[1,0,0,0,0,0,1,0] Outputs=[0,0,0,1,0,0,0,0] # 8*2=16
Inputs=[1,0,0,0,0,0,1,1] Outputs=[0,0,0,1,1,0,0,0] # 8*3=24
Inputs=[1,0,0,0,0,1,0,0] Outputs=[0,0,1,0,0,0,0,0] # 8*4=32
Inputs=[1,0,0,0,0,1,0,1] Outputs=[0,0,1,0,1,0,0,0] # 8*5=40
Inputs=[1,0,0,0,0,1,1,0] Outputs=[0,0,1,1,0,0,0,0] # 8*6=48
Inputs=[1,0,0,0,0,1,1,1] Outputs=[0,0,1,1,1,0,0,0] # 8*7=56
Inputs=[1,0,0,0,1,0,0,0] Outputs=[0,1,0,0,0,0,0,0] # 8*8=64
Inputs=[1,0,0,0,1,0,0,1] Outputs=[0,1,0,0,1,0,0,0] # 8*9=72
Inputs=[1,0,0,0,1,0,1,0] Outputs=[0,1,0,1,0,0,0,0] # 8*10=80
Inputs=[1,0,0,0,1,0,1,1] Outputs=[0,1,0,1,1,0,0,0] # 8*11=88
Inputs=[1,0,0,0,1,1,0,0] Outputs=[0,1,1,0,0,0,0,0] # 8*12=96
Inputs=[1,0,0,0,1,1,0,1] Outputs=[0,1,1,0,1,0,0,0] # 8*13=104
Inputs=[1,0,0,0,1,1,1,0] Outputs=[0,1,1,1,0,0,0,0] # 8*14=112
Inputs=[1,0,0,0,1,1,1,1] Outputs=[0,1,1,1,1,0,0,0] # 8*15=120
Inputs=[1,0,0,1,0,0,0,0] Outputs=[0,0,0,0,0,0,0,0] # 9*0=0
Inputs=[1,0,0,1,0,0,0,1] Outputs=[0,0,0,0,1,0,0,1] # 9*1=9
Inputs=[1,0,0,1,0,0,1,0] Outputs=[0,0,0,1,0,0,1,0] # 9*2=18
Inputs=[1,0,0,1,0,0,1,1] Outputs=[0,0,0,1,1,0,1,1] # 9*3=27
Inputs=[1,0,0,1,0,1,0,0] Outputs=[0,0,1,0,0,1,0,0] # 9*4=36
Inputs=[1,0,0,1,0,1,0,1] Outputs=[0,0,1,0,1,1,0,1] # 9*5=45
Inputs=[1,0,0,1,0,1,1,0] Outputs=[0,0,1,1,0,1,1,0] # 9*6=54
Inputs=[1,0,0,1,0,1,1,1] Outputs=[0,0,1,1,1,1,1,1] # 9*7=63
Inputs=[1,0,0,1,1,0,0,0] Outputs=[0,1,0,0,1,0,0,0] # 9*8=72
Inputs=[1,0,0,1,1,0,0,1] Outputs=[0,1,0,1,0,0,0,1] # 9*9=81
Inputs=[1,0,0,1,1,0,1,0] Outputs=[0,1,0,1,1,0,1,0] # 9*10=90
Inputs=[1,0,0,1,1,0,1,1] Outputs=[0,1,1,0,0,0,1,1] # 9*11=99
Inputs=[1,0,0,1,1,1,0,0] Outputs=[0,1,1,0,1,1,0,0] # 9*12=108
Inputs=[1,0,0,1,1,1,0,1] Outputs=[0,1,1,1,0,1,0,1] # 9*13=117
Inputs=[1,0,0,1,1,1,1,0] Outputs=[0,1,1,1,1,1,1,0] # 9*14=126
Inputs=[1,0,0,1,1,1,1,1] Outputs=[1,0,0,0,1,0,0,1] # 9*15=135
Inputs=[1,0,1,0,0,0,0,0] Outputs=[0,0,0,0,0,0,0,0] # 10*0=0
Inputs=[1,0,1,0,0,0,0,1] Outputs=[0,0,0,0,1,0,1,0] # 10*1=10
Inputs=[1,0,1,0,0,0,1,0] Outputs=[0,0,0,1,0,1,0,0] # 10*2=20
Inputs=[1,0,1,0,0,0,1,1] Outputs=[0,0,0,1,1,1,1,0] # 10*3=30
Inputs=[1,0,1,0,0,1,0,0] Outputs=[0,0,1,0,1,0,0,0] # 10*4=40
Inputs=[1,0,1,0,0,1,0,1] Outputs=[0,0,1,1,0,0,1,0] # 10*5=50
Inputs=[1,0,1,0,0,1,1,0] Outputs=[0,0,1,1,1,1,0,0] # 10*6=60
Inputs=[1,0,1,0,0,1,1,1] Outputs=[0,1,0,0,0,1,1,0] # 10*7=70
Inputs=[1,0,1,0,1,0,0,0] Outputs=[0,1,0,1,0,0,0,0] # 10*8=80
Inputs=[1,0,1,0,1,0,0,1] Outputs=[0,1,0,1,1,0,1,0] # 10*9=90
Inputs=[1,0,1,0,1,0,1,0] Outputs=[0,1,1,0,0,1,0,0] # 10*10=100
Inputs=[1,0,1,0,1,0,1,1] Outputs=[0,1,1,0,1,1,1,0] # 10*11=110
Inputs=[1,0,1,0,1,1,0,0] Outputs=[0,1,1,1,1,0,0,0] # 10*12=120
Inputs=[1,0,1,0,1,1,0,1] Outputs=[1,0,0,0,0,0,1,0] # 10*13=130
Inputs=[1,0,1,0,1,1,1,0] Outputs=[1,0,0,0,1,1,0,0] # 10*14=140
Inputs=[1,0,1,0,1,1,1,1] Outputs=[1,0,0,1,0,1,1,0] # 10*15=150
Inputs=[1,0,1,1,0,0,0,0] Outputs=[0,0,0,0,0,0,0,0] # 11*0=0
Inputs=[1,0,1,1,0,0,0,1] Outputs=[0,0,0,0,1,0,1,1] # 11*1=11
Inputs=[1,0,1,1,0,0,1,0] Outputs=[0,0,0,1,0,1,1,0] # 11*2=22
Inputs=[1,0,1,1,0,0,1,1] Outputs=[0,0,1,0,0,0,0,1] # 11*3=33
Inputs=[1,0,1,1,0,1,0,0] Outputs=[0,0,1,0,1,1,0,0] # 11*4=44
Inputs=[1,0,1,1,0,1,0,1] Outputs=[0,0,1,1,0,1,1,1] # 11*5=55
Inputs=[1,0,1,1,0,1,1,0] Outputs=[0,1,0,0,0,0,1,0] # 11*6=66
Inputs=[1,0,1,1,0,1,1,1] Outputs=[0,1,0,0,1,1,0,1] # 11*7=77
Inputs=[1,0,1,1,1,0,0,0] Outputs=[0,1,0,1,1,0,0,0] # 11*8=88
Inputs=[1,0,1,1,1,0,0,1] Outputs=[0,1,1,0,0,0,1,1] # 11*9=99
Inputs=[1,0,1,1,1,0,1,0] Outputs=[0,1,1,0,1,1,1,0] # 11*10=110
Inputs=[1,0,1,1,1,0,1,1] Outputs=[0,1,1,1,1,0,0,1] # 11*11=121
Inputs=[1,0,1,1,1,1,0,0] Outputs=[1,0,0,0,0,1,0,0] # 11*12=132
Inputs=[1,0,1,1,1,1,0,1] Outputs=[1,0,0,0,1,1,0,1] # 11*13=143
Inputs=[1,0,1,1,1,1,1,0] Outputs=[1,0,0,1,0,1,1,0] # 11*14=154
Inputs=[1,0,1,1,1,1,1,1] Outputs=[1,0,1,0,0,1,0,1] # 11*15=165
Inputs=[1,1,0,0,0,0,0,0] Outputs=[0,0,0,0,0,0,0,0] # 12*0=0
Inputs=[1,1,0,0,0,0,0,1] Outputs=[0,0,0,0,1,1,0,0] # 12*1=12
Inputs=[1,1,0,0,0,0,1,0] Outputs=[0,0,0,1,1,0,0,0] # 12*2=24
Inputs=[1,1,0,0,0,0,1,1] Outputs=[0,0,1,0,0,1,0,0] # 12*3=36
Inputs=[1,1,0,0,0,1,0,0] Outputs=[0,0,1,1,0,0,0,0] # 12*4=48
Inputs=[1,1,0,0,0,1,0,1] Outputs=[0,0,1,1,1,1,0,0] # 12*5=60
Inputs=[1,1,0,0,0,1,1,0] Outputs=[0,1,0,0,1,0,0,0] # 12*6=72
Inputs=[1,1,0,0,0,1,1,1] Outputs=[0,1,0,1,0,1,0,0] # 12*7=84
Inputs=[1,1,0,0,1,0,0,0] Outputs=[0,1,1,0,0,0,0,0] # 12*8=96
Inputs=[1,1,0,0,1,0,0,1] Outputs=[0,1,1,0,1,1,0,0] # 12*9=108
Inputs=[1,1,0,0,1,0,1,0] Outputs=[0,1,1,1,1,0,0,0] # 12*10=120
Inputs=[1,1,0,0,1,0,1,1] Outputs=[1,0,0,0,0,1,0,0] # 12*11=132
Inputs=[1,1,0,0,1,1,0,0] Outputs=[1,0,0,1,0,0,0,0] # 12*12=144
Inputs=[1,1,0,0,1,1,0,1] Outputs=[1,0,0,1,1,1,0,0] # 12*13=156
Inputs=[1,1,0,0,1,1,1,0] Outputs=[1,0,1,0,1,0,0,0] # 12*14=168
Inputs=[1,1,0,0,1,1,1,1] Outputs=[1,0,1,1,0,1,0,0] # 12*15=180
Inputs=[1,1,0,1,0,0,0,0] Outputs=[0,0,0,0,0,0,0,0] # 13*0=0
Inputs=[1,1,0,1,0,0,0,1] Outputs=[0,0,0,0,1,1,0,1] # 13*1=13
Inputs=[1,1,0,1,0,0,1,0] Outputs=[0,0,0,1,1,0,1,0] # 13*2=26
Inputs=[1,1,0,1,0,0,1,1] Outputs=[0,0,1,0,0,1,1,1] # 13*3=39
Inputs=[1,1,0,1,0,1,0,0] Outputs=[0,0,1,1,0,1,0,0] # 13*4=52
Inputs=[1,1,0,1,0,1,0,1] Outputs=[0,1,0,0,0,0,0,1] # 13*5=65
Inputs=[1,1,0,1,0,1,1,0] Outputs=[0,1,0,0,1,1,1,0] # 13*6=78
Inputs=[1,1,0,1,0,1,1,1] Outputs=[0,1,0,1,1,0,0,1] # 13*7=91
Inputs=[1,1,0,1,1,0,0,0] Outputs=[0,1,1,0,1,0,0,0] # 13*8=104
Inputs=[1,1,0,1,1,0,0,1] Outputs=[0,1,1,1,0,1,0,1] # 13*9=117
Inputs=[1,1,0,1,1,0,1,0] Outputs=[1,0,0,0,0,0,1,0] # 13*10=130
Inputs=[1,1,0,1,1,0,1,1] Outputs=[1,0,0,0,1,1,0,1] # 13*11=143
Inputs=[1,1,0,1,1,1,0,0] Outputs=[1,0,0,1,1,1,0,0] # 13*12=156
Inputs=[1,1,0,1,1,1,0,1] Outputs=[1,0,1,0,1,0,0,1] # 13*13=169
Inputs=[1,1,0,1,1,1,1,0] Outputs=[1,0,1,1,0,0,1,0] # 13*14=182
Inputs=[1,1,0,1,1,1,1,1] Outputs=[1,1,0,0,0,0,1,1] # 13*15=195
Inputs=[1,1,1,0,0,0,0,0] Outputs=[0,0,0,0,0,0,0,0] # 14*0=0
Inputs=[1,1,1,0,0,0,0,1] Outputs=[0,0,0,0,1,1,1,0] # 14*1=14
Inputs=[1,1,1,0,0,0,1,0] Outputs=[0,0,0,1,1,1,0,0] # 14*2=28
Inputs=[1,1,1,0,0,0,1,1] Outputs=[0,0,1,0,1,0,1,0] # 14*3=42
Inputs=[1,1,1,0,0,1,0,0] Outputs=[0,0,1,1,1,0,0,0] # 14*4=56
Inputs=[1,1,1,0,0,1,0,1] Outputs=[0,1,0,0,0,1,1,0] # 14*5=70
Inputs=[1,1,1,0,0,1,1,0] Outputs=[0,1,0,1,0,1,0,0] # 14*6=84
Inputs=[1,1,1,0,0,1,1,1] Outputs=[0,1,1,0,0,0,1,0] # 14*7=98
Inputs=[1,1,1,0,1,0,0,0] Outputs=[0,1,1,1,0,0,0,0] # 14*8=112
Inputs=[1,1,1,0,1,0,0,1] Outputs=[1,0,0,0,0,1,1,0] # 14*9=126
Inputs=[1,1,1,0,1,0,1,0] Outputs=[1,0,0,0,1,1,0,0] # 14*10=140
Inputs=[1,1,1,0,1,0,1,1] Outputs=[1,0,0,1,0,1,1,0] # 14*11=154
Inputs=[1,1,1,0,1,1,0,0] Outputs=[1,0,1,0,1,0,0,0] # 14*12=168
Inputs=[1,1,1,0,1,1,0,1] Outputs=[1,0,1,1,0,0,1,0] # 14*13=182
Inputs=[1,1,1,0,1,1,1,0] Outputs=[1,1,0,0,0,1,0,0] # 14*14=196
Inputs=[1,1,1,0,1,1,1,1] Outputs=[1,1,0,1,0,0,1,0] # 14*15=210
Inputs=[1,1,1,1,0,0,0,0] Outputs=[0,0,0,0,0,0,0,0] # 15*0=0
Inputs=[1,1,1,1,0,0,0,1] Outputs=[0,0,0,0,1,1,1,1] # 15*1=15
Inputs=[1,1,1,1,0,0,1,0] Outputs=[0,0,0,1,1,1,1,0] # 15*2=30
Inputs=[1,1,1,1,0,0,1,1] Outputs=[0,0,1,0,1,1,0,1] # 15*3=45
Inputs=[1,1,1,1,0,1,0,0] Outputs=[0,0,1,1,1,1,0,0] # 15*4=60
Inputs=[1,1,1,1,0,1,0,1] Outputs=[0,1,0,0,1,0,1,1] # 15*5=75
Inputs=[1,1,1,1,0,1,1,0] Outputs=[0,1,0,1,1,0,1,0] # 15*6=90
Inputs=[1,1,1,1,0,1,1,1] Outputs=[0,1,1,0,1,0,0,1] # 15*7=105
Inputs=[1,1,1,1,1,0,0,0] Outputs=[0,1,1,1,1,0,0,0] # 15*8=120
Inputs=[1,1,1,1,1,0,0,1] Outputs=[1,0,0,0,1,0,0,1] # 15*9=135
Inputs=[1,1,1,1,1,0,1,0] Outputs=[1,0,0,1,0,1,1,0] # 15*10=150
Inputs=[1,1,1,1,1,0,1,1] Outputs=[1,0,1,0,0,1,0,1] # 15*11=165
Inputs=[1,1,1,1,1,1,0,0] Outputs=[1,0,1,1,0,1,0,0] # 15*12=180
Inputs=[1,1,1,1,1,1,0,1] Outputs=[1,1,0,0,0,0,1,1] # 15*13=195
Inputs=[1,1,1,1,1,1,1,0] Outputs=[1,1,0,1,0,0,1,0] # 15*14=210
Inputs=[1,1,1,1,1,1,1,1] Outputs=[1,1,1,0,0,0,0,1] # 15*15=225