Inputs=[0,0,1,0,1,0] Outputs=[0,0,0,0,1,0] # 1*2=2
Inputs=[1,0,0,1,1,0] Outputs=[0,1,1,0,0,0] # 4*6=24
Inputs=[1,1,1,0,1,0] Outputs=[0,1,0,0,0,1] # 7*2=14
Inputs=[0,1,0,1,1,0] Outputs=[0,0,1,1,0,0] # 2*6=12
Inputs=[1,0,1,1,0,1] Outputs=[0,1,0,0,0,1] # 5*5=25
Inputs=[1,1,0,0,1,1] Outputs=[0,1,0,0,1,0] # 6*3=18
Inputs=[0,1,1,0,0,0] Outputs=[0,0,0,0,0,0] # 3*0=0
Inputs=[1,0,0,1,1,1] Outputs=[0,1,1,1,0,0] # 4*7=28
Inputs=[1,1,0,1,0,1] Outputs=[0,1,0,0,0,1] # 6*5=30
Inputs=[1,1,1,1,0,1] Outputs=[0,1,0,1,1,1] # 7*5=35
Inputs=[0,0,0,0,0,1] Outputs=[0,0,0,0,0,0] # 0*1=0
Inputs=[1,0,1,1,0,0] Outputs=[0,1,0,0,0,0] # 5*4=20
Inputs=[0,1,0,0,1,0] Outputs=[0,0,0,1,0,0] # 2*2=4
Inputs=[0,1,1,1,0,1] Outputs=[0,0,1,0,1,1] # 3*5=15
Inputs=[1,1,1,1,1,1] Outputs=[1,1,0,0,0,1] # 7*7=49
Inputs=[1,0,1,0,1,0] Outputs=[0,1,0,0,1,0] # 5*2=10
Inputs=[0,1,1,0,1,0] Outputs=[0,0,1,1,0,0] # 3*2=6
Inputs=[1,0,0,0,1,0] Outputs=[0,0,1,0,0,0] # 4*2=8
Inputs=[0,0,1,1,1,0] Outputs=[0,0,0,1,1,0] # 1*6=6
Inputs=[1,1,0,0,0,1] Outputs=[0,0,0,1,1,0] # 6*1=6
Inputs=[0,0,1,0,1,1] Outputs=[0,0,0,0,1,1] # 1*3=3
Inputs=[1,1,1,1,0,0] Outputs=[0,1,1,1,0,0] # 7*4=28
Inputs=[1,0,0,0,1,1] Outputs=[0,0,1,1,0,0] # 4*3=12
Inputs=[0,1,0,0,1,1] Outputs=[0,0,0,1,1,0] # 2*3=6
Inputs=[1,1,0,0,1,0] Outputs=[0,0,1,1,0,0] # 6*2=12
Inputs=[1,0,0,0,0,1] Outputs=[0,0,0,1,0,0] # 4*1=4
Inputs=[0,1,1,0,1,1] Outputs=[0,0,1,0,0,1] # 3*3=9
Inputs=[1,0,1,0,1,1] Outputs=[0,0,1,1,1,1] # 5*3=15
Inputs=[1,1,0,1,1,1] Outputs=[0,1,0,1,0,1] # 6*7=42
Inputs=[1,0,1,0,1,0] Outputs=[0,1,0,0,1,0] # 5*2=10